Time: 50
Bee chance: 15
Little frog chance: 30
Base crocodile chance: 50
W 13
T 8
C 26
K 4
1 196
W 200 50 2
K 500 50 2
W 700 50 2
W 800 50 2
K 1000 50 2
W 1200 50 2

2 250
T -100 40 4
T 300 40 4
T 700 40 4
T 1100 40 4

3 304
T 0 20 5
T 500 20 4
T 900 20 5
T 1200 20 4

4 358
W 0 100 2
W 300 100 1
W 500 100 2
W 700 100 2
W 900 100 2
W 1300 100 2

5 412
W 100 40 2
K 300 40 2
K 600 40 2
W 900 40 2
W 1100 40 2

6 510
C 100 1 30 0
C 200 1 30 0
C 900 1 30 0
C 1300 1 30 0

7 565
C 50 0 70 1
C 376 0 70 1
C 898 0 70 1
C 1000 0 70 1
C 1300 0 70 1

8 620
C 0 3 100 1
C 200 3 100 1
C 400 3 100 1
C 600 3 100 1
C 900 3 100 1
C 1100 3 100 1

9 675
C 20 2 30 0
C 90 2 30 0
C 590 2 30 0
C 780 2 30 0
C 900 2 30 0

10 730
C 150 4 20 1
C 350 4 20 1
C 450 4 20 1
C 650 4 20 1
C 1150 4 20 1
C 1250 4 20 1