Time: 50
Bee chance: 15
Little frog chance: 30
Base crocodile chance: 50
W 9
T 11
C 26
K 9
1 196
K 100 70 2
K 250 70 2
W 450 70 2
K 650 70 2
W 800 70 2
K 1000 70 2
W 1200 70 2

2 250
T 0 20 5
T 500 20 4
T 900 20 5
T 1200 20 4

3 304
K 0 100 2
W 150 100 3
K 500 100 2
W 700 100 2
K 900 100 2
W 1050 100 4

4 358
W 100 40 2
K 300 40 2
K 600 40 2
W 900 40 2
W 1100 40 2

5 412
T 0 40 3
T 200 40 3
T 400 40 3
T 700 40 3
T 900 40 3
T 1100 40 3
T 1300 40 3

6 510
C 100 1 40 0
C 200 1 40 0
C 900 1 40 0
C 1300 1 40 0

7 565
C 50 0 70 1
C 376 0 70 1
C 898 0 70 1
C 1000 0 70 1
C 1300 0 70 1

8 620
C 0 3 250 1
C 200 3 250 1
C 400 3 250 1
C 600 3 250 1
C 900 3 250 1
C 1100 3 250 1

9 675
C 20 2 40 0
C 90 2 40 0
C 590 2 40 0
C 780 2 40 0
C 900 2 40 0

10 730
C 150 4 25 1
C 350 4 25 1
C 450 4 25 1
C 650 4 25 1
C 1150 4 25 1
C 1250 4 25 1