Time: 50
Bee chance: 15
Little frog chance: 30
Base crocodile chance: 50
W 16
T 7
C 25
K 0
1 196
W 200 40 3
W 500 40 3
W 700 40 3
W 800 40 3
W 1000 40 3
W 1200 40 3

2 250
T 0 30 3
T 300 30 3
T 600 30 4
T 1100 30 5

3 304
W 0 60 1
W 100 60 2
W 400 60 3
W 800 60 1
W 950 60 3
W 1400 60 2

4 358
W 100 100 3
W 400 100 1
W 900 100 3
W 1300 100 3

5 412
T -100 50 4
T 300 50 4
T 600 50 4
T 1000 50 4

6 510
C 100 1 40 0
C 200 1 40 0
C 900 1 40 0
C 1300 1 40 0

7 565
C 50 0 70 1
C 376 0 70 1
C 898 0 70 1
C 1000 0 70 1
C 1300 0 70 1

8 620
C 0 3 50 1
C 40 3 50 1
C 490 3 50 1
C 600 3 50 1
C 1100 3 50 1
C 1320 3 50 1

9 675
C 20 2 20 0
C 90 2 20 0
C 590 2 20 0
C 780 2 20 0
C 900 2 20 0

10 730
C 250 4 40 1
C 550 4 40 1
C 850 4 40 1
C 1150 4 40 1
C 1250 4 40 1